0716.4777
0717.0956
0717.2134
0717.3453
0717.3454
0717.4778
0717.4779
0718.0957
0718.0958
0718.2135
0718.2136
0718.3455
0718.3456
0718.4780
0718.4781
0719.0959
0719.2137
0719.3457
0719.4782
0720.0960
0720.2138
0720.3458
0720.4783
0721.0961
0721.2139
0721.3459
0721.4784
0722.0962
0722.2140
0722.3460
0722.4785
0723.0838
0723.0963
0723.1996
0723.2141
0723.3461
0723.3462
0723.4786
0723.4787
0724.3463
0724.4788
0725.0964
0725.2142
0725.3464
0725.4789
0726.3465
0726.4790
0727.0965
0727.2143
0727.3466
0727.3467
0727.4791
0727.4792
0728.0966
0728.2144
0728.3468
0728.4793
0729.0967
0729.2145
0729.3469
0729.4794
0730.0968
0730.2146
0730.3470
0730.4795
0731.3471
0731.4796
0732.0969
0732.2147
0732.3472
0732.4797
0733.0839
0733.0970
0733.1997
0733.2148
0733.3473
0733.4798
0734.0971
0734.2149
0734.3474
0734.4799
0735.0972
0735.2150
0735.3475
0735.4800
0736.3476
0736.4801
0737.0973
0737.2151
0737.3477
0737.4802
0738.0974
0738.2152
0738.3478
0738.4803
0739.0975
0739.2153
0739.3479
0739.4804
0740.0976
0740.0977
0740.0978
0740.2154
0740.2155
0740.2156
0740.3480
0740.3481
0740.3482
0740.4805
0740.4806
0740.4807
0741.0979
0741.2157
0741.3483
0741.4808
0742.0980
0742.2158
0742.3484
0742.4809
0743.0981
0743.2159
0743.3485
0743.4810
0744.0982
0744.2160
0744.3486
0744.4811
0745.0840
0745.0983
0745.1998
0745.2161
0745.3487
0745.4812
0746.0984
0746.2162
0746.3488
0746.4813
0747.0985
0747.2163
0747.3489
0747.4814
0748.0986
0748.2164
0748.3490
0748.4815
0749.0987
0749.2165
0749.3491
0749.4816
0750.0988
0750.2166
0750.3492
0750.4817
0751.0989
0751.2167
0751.3493
0751.4818
0752.0990
0752.0991
0752.2168
0752.2169
0752.3494
0752.3495
0752.4819
0752.4820
0753.0841
0753.0992
0753.1999
0753.2170
0753.3496
0753.4821
0754.3497
0754.4822
0755.0993
0755.2171
0755.3498
0755.4823
0756.0994
0756.2172
0756.3499
0756.4824
0757.0995
0757.2173
0757.3500
0757.3501
0757.4825
0757.4826
0758.0996
0758.2174
0758.3502
0758.4827
0759.0997
0759.2175
0759.3503
0759.4828
0760.0998
0760.2176
0760.3504
0760.4829
0761.0999
0761.2177
0761.3505
0761.4830
0762.1000
0762.2178
0762.3506
0762.4831
0763.1001
0763.2179
0763.3507
0763.4832
0764.1002
0764.2180
0764.3508
0764.4833
0765.1003
0765.2181
0765.3509
0765.4834
0766.1004
0766.2182
0766.3510
0766.4835
0767.1005
0767.1006
0767.2183
0767.2184
0767.3511
0767.3512
0767.4836
0767.4837
0768.1007
0768.2185
0768.3513
0768.4838
0769.1008
0769.2186
0769.3514
0769.4839
0770.1009
0770.2187
0770.3515
0770.4840
0771.1010
0771.2188
0771.3516
0771.4841
0772.1011
0772.2189
0772.3517
0772.4842
0773.0842
0773.1012
0773.2000
0773.2190
0773.3518
0773.4843
0774.1013
0774.2191
0774.3519
0774.4844
0775.1014
0775.2192
0775.3520
0775.4845
0776.1015
0776.2193
0776.3521
0776.4846
0777.1016
0777.2194
0777.3522
0777.4847
0778.1017
0778.2195
0778.3523
0778.4848
0779.1018
0779.2196
0779.3524
0779.4849
0780.1019
0780.2197
0780.3525
0780.4850
0781.1020
0781.2198
0781.3526
0781.4851
0782.1021
0782.2199
0782.3527
0782.4852
0783.0843
0783.1022
0783.2001
0783.2200
0783.3528
0783.4853
0784.1023
0784.2201
0784.3529
0784.4854
0785.1024
0785.2202
0785.3530
0785.4855
0786.1025
0786.2203
0786.3531
0786.4856
0787.1026
0787.2204
0787.3532
0787.4857
0788.3533
0788.4858
0789.1027
0789.2205
0789.3534
0789.4859
0790.1028
0790.1029
0790.2206
0790.2207
0790.3535
0790.3536
0790.4860
0790.4861
0791.3537
0791.4862
0792.1030
0792.2208
0792.3538
0792.4863
0793.1031
0793.2209
0793.3539
0793.4864
0794.1032
0794.2210
0794.3540
0794.4865
0795.0844
0795.1033
0795.2002
0795.2211
0795.3541
0795.4866
0796.1034
0796.2212
0796.3542
0796.4867
0797.1035
0797.2213
0797.3543
0797.4868
0798.1036
0798.2214
0798.3544
0798.4869
0799.1037
0799.2215
0799.3545
0799.4870
0800.1038
0800.1039
0800.2216
0800.2217
0800.3546
0800.3547
0800.4871
0800.4872
0801.1040
0801.2218
0801.3548
0801.4873
0802.0845
0802.1041
0802.2003
0802.2219
0802.3549
0802.4874
0803.1042
0803.2220
0803.3550
0803.4875
0804.1043
0804.2221
0804.3551
0804.4876
0805.1044
0805.2222
0805.3552
0805.4877
0806.3553
0806.4878
0807.1045
0807.2223
0807.3554
0807.4879
0808.3555
0808.3556
0808.3557
0808.4880
0808.4881
0808.4882
0809.1046
0809.2224
0809.3558
0809.4883
0810.1047
0810.2225
0810.3559
0810.4884
0811.1048
0811.2226
0811.3560
0811.4885
0812.1049
0812.2227
0812.3561
0812.4886
0813.1050
0813.2228
0813.3562
0813.4887
0814.1051
0814.2229
0814.3563
0814.4888
0815.1052
0815.2230
0815.3564
0815.4889
0816.0846
0816.1053
0816.2004
0816.2231
0816.3565
0816.4890
0817.1054
0817.2232
0817.3566
0817.4891
0818.1055
0818.2233
0818.3567
0818.4892
0819.1056
0819.2234
0819.3568
0819.4893
0820.1057
0820.2235
0820.3569
0820.4894
0821.1058
0821.2236
0821.3570
0821.4895
0822.1059
0822.2237
0822.3571
0822.3572
0822.4896
0822.4897
0823.1060
0823.1061
0823.2238
0823.2239
0823.3573
0823.3574
0823.4898
0823.4899
0824.1062
0824.2240
0824.3575
0824.4900
0825.1063
0825.2241
0825.3576
0825.4901
0826.1064
0826.2242
0826.3577
0826.4902
0827.1065
0827.2243
0827.3578
0827.4903
0828.0284
0828.1066
0828.1442
0828.2244
0828.2799
0828.3579
0828.4123
0828.4904
0829.2005
0829.2006
0829.2007
0829.2008
0829.2009
0829.2010
0829.2011
0829.2012
0829.2013
0829.2014
0829.2015
0829.2016
0829.2017
0829.2018
0829.2019
0829.2020
0829.2021
0829.2022
0829.2023
0829.2024
0829.2245
0829.2246
0829.2247
0829.2248
0829.2249
0829.2250
0829.2251
0829.2252
0829.2253
0829.2254
0829.2255
0829.2256
0829.2257
0829.2258
0829.2259
0829.2260
0829.2261
0829.2262
0829.2263
0829.2264
0829.2265
0829.2266
0829.2267
0829.2268
0829.2269
0829.2270
0829.2271
0829.2272
0829.4905
0829.4906
0829.4907
0829.4908
0829.4909
0829.4910
0829.4911
0829.4912
0829.4913
0829.4914
0829.4915
0829.4916
0829.4917
0829.4918
0829.4919
0829.4920
0829.4921
0829.4922
0829.4923
0829.4924
0829.4925
0829.4926
0829.4927
0829.4928
0829.4929
0829.4930
0829.4931
0829.4932
0830.3580
0830.4933
0831.1067
0831.2273
0831.3581
0831.4934
0832.3582
0832.3583
0832.3584
0832.4935
0832.4936
0832.4937
0833.1068
0833.2274
0833.3585
0833.4938
0834.1069
0834.2275
0834.3586
0834.4939
0835.1070
0835.2276
0835.3587
0835.4940
0836.0847
0836.1071
0836.2025
0836.2277
0836.3588
0836.4941
0837.1072
0837.2278
0837.3589
0837.4942
0838.1073
0838.2279
0838.3590
0838.4943
0839.1074
0839.2280
0839.3591
0839.4944
0840.1075
0840.2281
0840.3592
0840.4945
0841.1076
0841.1077
0841.2282
0841.2283
0841.3593
0841.3594
0841.3595
0841.4946
0841.4947
0841.4948
0842.1078
0842.2284
0842.3596
0842.4949
0843.1079
0843.2285
0843.3597
0843.4950
0844.1080
0844.2286
0844.3598
0844.4951
0845.1081
0845.2287
0845.3599
0845.4952
0846.1082
0846.2288
0846.3600
0846.4953
0847.1083
0847.2289
0847.3601
0847.4954
0848.1084
0848.2290
0848.3602
0848.4955
0849.1085
0849.2291
0849.3603
0849.4956
0850.1086
0850.1087
0850.1088
0850.1089
0850.1090
0850.1091
0850.1092
0850.1093
0850.1094
0850.1095
0850.1096
0850.1097
0850.1098
0850.1099
0850.1100
0850.1101
0850.1102
0850.1103
0850.1104
0850.1105
0850.2292
0850.2293
0850.2294
0850.2295
0850.2296
0850.2297
0850.2298
0850.2299
0850.2300
0850.2301
0850.2302
0850.2303
0850.2304
0850.2305
0850.2306
0850.2307
0850.2308
0850.2309
0850.2310
0850.2311
0850.3604
0850.3605
0850.3606
0850.3607
0850.3608
0850.3609
0850.3610
0850.3611
0850.3612
0850.3613
0850.3614
0850.3615
0850.3616
0850.3617
0850.3618
0850.3619
0850.3620
0850.3621
0850.3622
0850.3623
0850.4957
0850.4958
0850.4959
0850.4960
0850.4961
0850.4962
0850.4963
0850.4964
0850.4965
0850.4966
0850.4967
0850.4968
0850.4969
0850.4970
0850.4971
0850.4972
0850.4973
0850.4974
0850.4975
0850.4976
0851.1106
0851.2312
0851.3624
0851.4977
0852.1107
0852.2313
0852.3625
0852.4978
0853.1108
0853.2314
0853.3626
0853.4979
0854.1109
0854.2315
0854.3627
0854.3628
0854.4980
0854.4981
0855.1110
0855.2316
0855.3629
0855.4982
0856.1111
0856.1112
0856.2317
0856.2318
0856.3630
0856.3631
0856.4983
0856.4984
0857.1113
0857.2319
0857.3632
0857.4985
0858.1114
0858.2320
0858.3633
0858.4986
0859.1115
0859.2321
0859.3634
0859.4987
0860.1116
0860.2322
0860.3635
0860.4988
0861.1117
0861.2323
0861.3636
0861.4989
0862.1118
0862.2324
0862.3637
0862.4990
0863.1119
0863.2325
0863.3638
0863.4991
0864.1120
0864.2326
0864.3639
0864.4992
0865.1121
0865.2327
0865.3640
0865.3641
0865.4993
0865.4994
0866.1122
0866.2328
0866.3642
0866.4995
0867.1123
0867.2329
0867.3643
0867.4996
0868.1124
0868.2330
0868.3644
0868.4997
0869.1125
0869.2331
0869.3645
0869.4998
0870.0848
0870.1126
0870.2026
0870.2332
0870.3646
0870.4999
0871.1127
0871.2333
0871.3647
0871.5000
0872.1128
0872.2334
0872.3648
0872.5001
0873.1129
0873.1130
0873.2335
0873.2336
0873.3649
0873.3650
0873.5002
0873.5003
0874.0285
0874.1131
0874.1443
0874.2337
0874.2800
0874.3651
0874.4124
0874.5004
0875.1011
0875.1132
0875.2189
0875.2338
0875.3517
0875.3652
0875.4842
0875.5005
0876.3653
0876.5006
0877.1133
0877.2339
0877.3654
0877.5007
0878.1134
0878.1135
0878.1136
0878.2340
0878.2341
0878.2342
0878.3655
0878.3656
0878.3657
0878.5008
0878.5009
0878.5010
0879.1137
0879.2343
0879.3658
0879.5011
0880.1138
0880.2344
0880.3659
0880.5012
0881.3660
0881.5013
0882.1139
0882.2345
0882.3661
0882.5014
0883.1140
0883.1141
0883.2346
0883.2347
0883.3662
0883.3663
0883.5015
0883.5016
0884.1142
0884.2348
0884.3664
0884.5017
0885.1143
0885.2349
0885.3665
0885.3666
0885.5018
0885.5019
0886.3667
0886.5020
0887.1144
0887.2350
0887.3668
0887.5021
0888.1145
0888.2351
0888.3669
0888.5022
0889.1146
0889.2352
0889.3670
0889.5023
0890.1147
0890.2353
0890.3671
0890.5024
0891.3672
0891.3673
0891.5025
0891.5026
0892.3674
0892.3675
0892.5027
0892.5028
0893.0849
0893.1148
0893.2027
0893.2354
0893.3676
0893.5029
0894.1149
0894.2355
0894.3677
0894.3678
0894.5030
0894.5031
0895.3679
0895.3680
0895.5032
0895.5033
0896.1150
0896.2356
0896.3681
0896.5034
0897.1151
0897.2357
0897.3682
0897.5035
0898.1152
0898.2358
0898.3683
0898.5036
0899.1153
0899.2359
0899.3684
0899.3685
0899.5037
0899.5038
0900.1154
0900.2360
0900.3686
0900.3687
0900.5039
0900.5040
0901.1155
0901.2361
0901.3688
0901.3689
0901.5041
0901.5042
0902.1156
0902.2362
0902.3690
0902.5043
0903.1157
0903.2363
0903.3691
0903.5044
0904.0850
0904.0851
0904.0852
0904.1158
0904.1159
0904.1160
0904.2028
0904.2029
0904.2030
0904.2364
0904.2365
0904.2366
0904.3692
0904.3693
0904.3694
0904.5045
0904.5046
0904.5047
